{
 "cells": [
  {
   "cell_type": "code",
   "execution_count": 1,
   "id": "initial_id",
   "metadata": {
    "collapsed": true,
    "ExecuteTime": {
     "end_time": "2023-08-09T22:42:32.469943Z",
     "start_time": "2023-08-09T22:42:32.463907Z"
    }
   },
   "outputs": [],
   "source": [
    "import pandas as pd\n",
    "exam = pd.read_csv('../files/exam.csv')"
   ]
  },
  {
   "cell_type": "code",
   "execution_count": 2,
   "outputs": [
    {
     "data": {
      "text/plain": "    id  nclass  math  english  science\n8    9       3    20       98       15\n4    5       2    25       80       65\n3    4       1    30       98       58\n2    3       1    45       86       78\n11  12       3    45       85       32\n12  13       4    46       98       65\n13  14       4    48       87       12\n0    1       1    50       98       50\n9   10       3    50       98       45\n5    6       2    50       89       98\n15  16       4    58       98       65\n1    2       1    60       97       60\n10  11       3    65       65       65\n16  17       5    65       68       98\n14  15       4    75       56       78\n19  20       5    78       83       58\n6    7       2    80       90       45\n17  18       5    80       78       90\n18  19       5    89       68       87\n7    8       2    90       78       25",
      "text/html": "<div>\n<style scoped>\n    .dataframe tbody tr th:only-of-type {\n        vertical-align: middle;\n    }\n\n    .dataframe tbody tr th {\n        vertical-align: top;\n    }\n\n    .dataframe thead th {\n        text-align: right;\n    }\n</style>\n<table border=\"1\" class=\"dataframe\">\n  <thead>\n    <tr style=\"text-align: right;\">\n      <th></th>\n      <th>id</th>\n      <th>nclass</th>\n      <th>math</th>\n      <th>english</th>\n      <th>science</th>\n    </tr>\n  </thead>\n  <tbody>\n    <tr>\n      <th>8</th>\n      <td>9</td>\n      <td>3</td>\n      <td>20</td>\n      <td>98</td>\n      <td>15</td>\n    </tr>\n    <tr>\n      <th>4</th>\n      <td>5</td>\n      <td>2</td>\n      <td>25</td>\n      <td>80</td>\n      <td>65</td>\n    </tr>\n    <tr>\n      <th>3</th>\n      <td>4</td>\n      <td>1</td>\n      <td>30</td>\n      <td>98</td>\n      <td>58</td>\n    </tr>\n    <tr>\n      <th>2</th>\n      <td>3</td>\n      <td>1</td>\n      <td>45</td>\n      <td>86</td>\n      <td>78</td>\n    </tr>\n    <tr>\n      <th>11</th>\n      <td>12</td>\n      <td>3</td>\n      <td>45</td>\n      <td>85</td>\n      <td>32</td>\n    </tr>\n    <tr>\n      <th>12</th>\n      <td>13</td>\n      <td>4</td>\n      <td>46</td>\n      <td>98</td>\n      <td>65</td>\n    </tr>\n    <tr>\n      <th>13</th>\n      <td>14</td>\n      <td>4</td>\n      <td>48</td>\n      <td>87</td>\n      <td>12</td>\n    </tr>\n    <tr>\n      <th>0</th>\n      <td>1</td>\n      <td>1</td>\n      <td>50</td>\n      <td>98</td>\n      <td>50</td>\n    </tr>\n    <tr>\n      <th>9</th>\n      <td>10</td>\n      <td>3</td>\n      <td>50</td>\n      <td>98</td>\n      <td>45</td>\n    </tr>\n    <tr>\n      <th>5</th>\n      <td>6</td>\n      <td>2</td>\n      <td>50</td>\n      <td>89</td>\n      <td>98</td>\n    </tr>\n    <tr>\n      <th>15</th>\n      <td>16</td>\n      <td>4</td>\n      <td>58</td>\n      <td>98</td>\n      <td>65</td>\n    </tr>\n    <tr>\n      <th>1</th>\n      <td>2</td>\n      <td>1</td>\n      <td>60</td>\n      <td>97</td>\n      <td>60</td>\n    </tr>\n    <tr>\n      <th>10</th>\n      <td>11</td>\n      <td>3</td>\n      <td>65</td>\n      <td>65</td>\n      <td>65</td>\n    </tr>\n    <tr>\n      <th>16</th>\n      <td>17</td>\n      <td>5</td>\n      <td>65</td>\n      <td>68</td>\n      <td>98</td>\n    </tr>\n    <tr>\n      <th>14</th>\n      <td>15</td>\n      <td>4</td>\n      <td>75</td>\n      <td>56</td>\n      <td>78</td>\n    </tr>\n    <tr>\n      <th>19</th>\n      <td>20</td>\n      <td>5</td>\n      <td>78</td>\n      <td>83</td>\n      <td>58</td>\n    </tr>\n    <tr>\n      <th>6</th>\n      <td>7</td>\n      <td>2</td>\n      <td>80</td>\n      <td>90</td>\n      <td>45</td>\n    </tr>\n    <tr>\n      <th>17</th>\n      <td>18</td>\n      <td>5</td>\n      <td>80</td>\n      <td>78</td>\n      <td>90</td>\n    </tr>\n    <tr>\n      <th>18</th>\n      <td>19</td>\n      <td>5</td>\n      <td>89</td>\n      <td>68</td>\n      <td>87</td>\n    </tr>\n    <tr>\n      <th>7</th>\n      <td>8</td>\n      <td>2</td>\n      <td>90</td>\n      <td>78</td>\n      <td>25</td>\n    </tr>\n  </tbody>\n</table>\n</div>"
     },
     "execution_count": 2,
     "metadata": {},
     "output_type": "execute_result"
    }
   ],
   "source": [
    "#오름차순 정렬\n",
    "exam.sort_values('math')"
   ],
   "metadata": {
    "collapsed": false,
    "ExecuteTime": {
     "end_time": "2023-08-09T22:42:41.190695Z",
     "start_time": "2023-08-09T22:42:41.169854Z"
    }
   },
   "id": "39d26f97c2288ce3"
  },
  {
   "cell_type": "code",
   "execution_count": 3,
   "outputs": [
    {
     "data": {
      "text/plain": "    id  nclass  math  english  science\n7    8       2    90       78       25\n18  19       5    89       68       87\n17  18       5    80       78       90\n6    7       2    80       90       45\n19  20       5    78       83       58\n14  15       4    75       56       78\n16  17       5    65       68       98\n10  11       3    65       65       65\n1    2       1    60       97       60\n15  16       4    58       98       65\n9   10       3    50       98       45\n5    6       2    50       89       98\n0    1       1    50       98       50\n13  14       4    48       87       12\n12  13       4    46       98       65\n11  12       3    45       85       32\n2    3       1    45       86       78\n3    4       1    30       98       58\n4    5       2    25       80       65\n8    9       3    20       98       15",
      "text/html": "<div>\n<style scoped>\n    .dataframe tbody tr th:only-of-type {\n        vertical-align: middle;\n    }\n\n    .dataframe tbody tr th {\n        vertical-align: top;\n    }\n\n    .dataframe thead th {\n        text-align: right;\n    }\n</style>\n<table border=\"1\" class=\"dataframe\">\n  <thead>\n    <tr style=\"text-align: right;\">\n      <th></th>\n      <th>id</th>\n      <th>nclass</th>\n      <th>math</th>\n      <th>english</th>\n      <th>science</th>\n    </tr>\n  </thead>\n  <tbody>\n    <tr>\n      <th>7</th>\n      <td>8</td>\n      <td>2</td>\n      <td>90</td>\n      <td>78</td>\n      <td>25</td>\n    </tr>\n    <tr>\n      <th>18</th>\n      <td>19</td>\n      <td>5</td>\n      <td>89</td>\n      <td>68</td>\n      <td>87</td>\n    </tr>\n    <tr>\n      <th>17</th>\n      <td>18</td>\n      <td>5</td>\n      <td>80</td>\n      <td>78</td>\n      <td>90</td>\n    </tr>\n    <tr>\n      <th>6</th>\n      <td>7</td>\n      <td>2</td>\n      <td>80</td>\n      <td>90</td>\n      <td>45</td>\n    </tr>\n    <tr>\n      <th>19</th>\n      <td>20</td>\n      <td>5</td>\n      <td>78</td>\n      <td>83</td>\n      <td>58</td>\n    </tr>\n    <tr>\n      <th>14</th>\n      <td>15</td>\n      <td>4</td>\n      <td>75</td>\n      <td>56</td>\n      <td>78</td>\n    </tr>\n    <tr>\n      <th>16</th>\n      <td>17</td>\n      <td>5</td>\n      <td>65</td>\n      <td>68</td>\n      <td>98</td>\n    </tr>\n    <tr>\n      <th>10</th>\n      <td>11</td>\n      <td>3</td>\n      <td>65</td>\n      <td>65</td>\n      <td>65</td>\n    </tr>\n    <tr>\n      <th>1</th>\n      <td>2</td>\n      <td>1</td>\n      <td>60</td>\n      <td>97</td>\n      <td>60</td>\n    </tr>\n    <tr>\n      <th>15</th>\n      <td>16</td>\n      <td>4</td>\n      <td>58</td>\n      <td>98</td>\n      <td>65</td>\n    </tr>\n    <tr>\n      <th>9</th>\n      <td>10</td>\n      <td>3</td>\n      <td>50</td>\n      <td>98</td>\n      <td>45</td>\n    </tr>\n    <tr>\n      <th>5</th>\n      <td>6</td>\n      <td>2</td>\n      <td>50</td>\n      <td>89</td>\n      <td>98</td>\n    </tr>\n    <tr>\n      <th>0</th>\n      <td>1</td>\n      <td>1</td>\n      <td>50</td>\n      <td>98</td>\n      <td>50</td>\n    </tr>\n    <tr>\n      <th>13</th>\n      <td>14</td>\n      <td>4</td>\n      <td>48</td>\n      <td>87</td>\n      <td>12</td>\n    </tr>\n    <tr>\n      <th>12</th>\n      <td>13</td>\n      <td>4</td>\n      <td>46</td>\n      <td>98</td>\n      <td>65</td>\n    </tr>\n    <tr>\n      <th>11</th>\n      <td>12</td>\n      <td>3</td>\n      <td>45</td>\n      <td>85</td>\n      <td>32</td>\n    </tr>\n    <tr>\n      <th>2</th>\n      <td>3</td>\n      <td>1</td>\n      <td>45</td>\n      <td>86</td>\n      <td>78</td>\n    </tr>\n    <tr>\n      <th>3</th>\n      <td>4</td>\n      <td>1</td>\n      <td>30</td>\n      <td>98</td>\n      <td>58</td>\n    </tr>\n    <tr>\n      <th>4</th>\n      <td>5</td>\n      <td>2</td>\n      <td>25</td>\n      <td>80</td>\n      <td>65</td>\n    </tr>\n    <tr>\n      <th>8</th>\n      <td>9</td>\n      <td>3</td>\n      <td>20</td>\n      <td>98</td>\n      <td>15</td>\n    </tr>\n  </tbody>\n</table>\n</div>"
     },
     "execution_count": 3,
     "metadata": {},
     "output_type": "execute_result"
    }
   ],
   "source": [
    "#내림차순 정렬\n",
    "exam.sort_values('math', ascending = False)"
   ],
   "metadata": {
    "collapsed": false,
    "ExecuteTime": {
     "end_time": "2023-08-09T22:42:51.593467Z",
     "start_time": "2023-08-09T22:42:51.584651Z"
    }
   },
   "id": "40ce26279ebf6591"
  },
  {
   "cell_type": "code",
   "execution_count": 4,
   "outputs": [
    {
     "data": {
      "text/plain": "    id  nclass  math  english  science\n3    4       1    30       98       58\n2    3       1    45       86       78\n0    1       1    50       98       50\n1    2       1    60       97       60\n4    5       2    25       80       65\n5    6       2    50       89       98\n6    7       2    80       90       45\n7    8       2    90       78       25\n8    9       3    20       98       15\n11  12       3    45       85       32\n9   10       3    50       98       45\n10  11       3    65       65       65\n12  13       4    46       98       65\n13  14       4    48       87       12\n15  16       4    58       98       65\n14  15       4    75       56       78\n16  17       5    65       68       98\n19  20       5    78       83       58\n17  18       5    80       78       90\n18  19       5    89       68       87",
      "text/html": "<div>\n<style scoped>\n    .dataframe tbody tr th:only-of-type {\n        vertical-align: middle;\n    }\n\n    .dataframe tbody tr th {\n        vertical-align: top;\n    }\n\n    .dataframe thead th {\n        text-align: right;\n    }\n</style>\n<table border=\"1\" class=\"dataframe\">\n  <thead>\n    <tr style=\"text-align: right;\">\n      <th></th>\n      <th>id</th>\n      <th>nclass</th>\n      <th>math</th>\n      <th>english</th>\n      <th>science</th>\n    </tr>\n  </thead>\n  <tbody>\n    <tr>\n      <th>3</th>\n      <td>4</td>\n      <td>1</td>\n      <td>30</td>\n      <td>98</td>\n      <td>58</td>\n    </tr>\n    <tr>\n      <th>2</th>\n      <td>3</td>\n      <td>1</td>\n      <td>45</td>\n      <td>86</td>\n      <td>78</td>\n    </tr>\n    <tr>\n      <th>0</th>\n      <td>1</td>\n      <td>1</td>\n      <td>50</td>\n      <td>98</td>\n      <td>50</td>\n    </tr>\n    <tr>\n      <th>1</th>\n      <td>2</td>\n      <td>1</td>\n      <td>60</td>\n      <td>97</td>\n      <td>60</td>\n    </tr>\n    <tr>\n      <th>4</th>\n      <td>5</td>\n      <td>2</td>\n      <td>25</td>\n      <td>80</td>\n      <td>65</td>\n    </tr>\n    <tr>\n      <th>5</th>\n      <td>6</td>\n      <td>2</td>\n      <td>50</td>\n      <td>89</td>\n      <td>98</td>\n    </tr>\n    <tr>\n      <th>6</th>\n      <td>7</td>\n      <td>2</td>\n      <td>80</td>\n      <td>90</td>\n      <td>45</td>\n    </tr>\n    <tr>\n      <th>7</th>\n      <td>8</td>\n      <td>2</td>\n      <td>90</td>\n      <td>78</td>\n      <td>25</td>\n    </tr>\n    <tr>\n      <th>8</th>\n      <td>9</td>\n      <td>3</td>\n      <td>20</td>\n      <td>98</td>\n      <td>15</td>\n    </tr>\n    <tr>\n      <th>11</th>\n      <td>12</td>\n      <td>3</td>\n      <td>45</td>\n      <td>85</td>\n      <td>32</td>\n    </tr>\n    <tr>\n      <th>9</th>\n      <td>10</td>\n      <td>3</td>\n      <td>50</td>\n      <td>98</td>\n      <td>45</td>\n    </tr>\n    <tr>\n      <th>10</th>\n      <td>11</td>\n      <td>3</td>\n      <td>65</td>\n      <td>65</td>\n      <td>65</td>\n    </tr>\n    <tr>\n      <th>12</th>\n      <td>13</td>\n      <td>4</td>\n      <td>46</td>\n      <td>98</td>\n      <td>65</td>\n    </tr>\n    <tr>\n      <th>13</th>\n      <td>14</td>\n      <td>4</td>\n      <td>48</td>\n      <td>87</td>\n      <td>12</td>\n    </tr>\n    <tr>\n      <th>15</th>\n      <td>16</td>\n      <td>4</td>\n      <td>58</td>\n      <td>98</td>\n      <td>65</td>\n    </tr>\n    <tr>\n      <th>14</th>\n      <td>15</td>\n      <td>4</td>\n      <td>75</td>\n      <td>56</td>\n      <td>78</td>\n    </tr>\n    <tr>\n      <th>16</th>\n      <td>17</td>\n      <td>5</td>\n      <td>65</td>\n      <td>68</td>\n      <td>98</td>\n    </tr>\n    <tr>\n      <th>19</th>\n      <td>20</td>\n      <td>5</td>\n      <td>78</td>\n      <td>83</td>\n      <td>58</td>\n    </tr>\n    <tr>\n      <th>17</th>\n      <td>18</td>\n      <td>5</td>\n      <td>80</td>\n      <td>78</td>\n      <td>90</td>\n    </tr>\n    <tr>\n      <th>18</th>\n      <td>19</td>\n      <td>5</td>\n      <td>89</td>\n      <td>68</td>\n      <td>87</td>\n    </tr>\n  </tbody>\n</table>\n</div>"
     },
     "execution_count": 4,
     "metadata": {},
     "output_type": "execute_result"
    }
   ],
   "source": [
    "# 두 행 오름차순\n",
    "exam.sort_values(['nclass', 'math'])"
   ],
   "metadata": {
    "collapsed": false,
    "ExecuteTime": {
     "end_time": "2023-08-09T22:42:57.150295Z",
     "start_time": "2023-08-09T22:42:57.133441Z"
    }
   },
   "id": "9682f2b05e3b2b01"
  },
  {
   "cell_type": "code",
   "execution_count": 5,
   "outputs": [
    {
     "data": {
      "text/plain": "    id  nclass  math  english  science\n1    2       1    60       97       60\n0    1       1    50       98       50\n2    3       1    45       86       78\n3    4       1    30       98       58\n7    8       2    90       78       25\n6    7       2    80       90       45\n5    6       2    50       89       98\n4    5       2    25       80       65\n10  11       3    65       65       65\n9   10       3    50       98       45\n11  12       3    45       85       32\n8    9       3    20       98       15\n14  15       4    75       56       78\n15  16       4    58       98       65\n13  14       4    48       87       12\n12  13       4    46       98       65\n18  19       5    89       68       87\n17  18       5    80       78       90\n19  20       5    78       83       58\n16  17       5    65       68       98",
      "text/html": "<div>\n<style scoped>\n    .dataframe tbody tr th:only-of-type {\n        vertical-align: middle;\n    }\n\n    .dataframe tbody tr th {\n        vertical-align: top;\n    }\n\n    .dataframe thead th {\n        text-align: right;\n    }\n</style>\n<table border=\"1\" class=\"dataframe\">\n  <thead>\n    <tr style=\"text-align: right;\">\n      <th></th>\n      <th>id</th>\n      <th>nclass</th>\n      <th>math</th>\n      <th>english</th>\n      <th>science</th>\n    </tr>\n  </thead>\n  <tbody>\n    <tr>\n      <th>1</th>\n      <td>2</td>\n      <td>1</td>\n      <td>60</td>\n      <td>97</td>\n      <td>60</td>\n    </tr>\n    <tr>\n      <th>0</th>\n      <td>1</td>\n      <td>1</td>\n      <td>50</td>\n      <td>98</td>\n      <td>50</td>\n    </tr>\n    <tr>\n      <th>2</th>\n      <td>3</td>\n      <td>1</td>\n      <td>45</td>\n      <td>86</td>\n      <td>78</td>\n    </tr>\n    <tr>\n      <th>3</th>\n      <td>4</td>\n      <td>1</td>\n      <td>30</td>\n      <td>98</td>\n      <td>58</td>\n    </tr>\n    <tr>\n      <th>7</th>\n      <td>8</td>\n      <td>2</td>\n      <td>90</td>\n      <td>78</td>\n      <td>25</td>\n    </tr>\n    <tr>\n      <th>6</th>\n      <td>7</td>\n      <td>2</td>\n      <td>80</td>\n      <td>90</td>\n      <td>45</td>\n    </tr>\n    <tr>\n      <th>5</th>\n      <td>6</td>\n      <td>2</td>\n      <td>50</td>\n      <td>89</td>\n      <td>98</td>\n    </tr>\n    <tr>\n      <th>4</th>\n      <td>5</td>\n      <td>2</td>\n      <td>25</td>\n      <td>80</td>\n      <td>65</td>\n    </tr>\n    <tr>\n      <th>10</th>\n      <td>11</td>\n      <td>3</td>\n      <td>65</td>\n      <td>65</td>\n      <td>65</td>\n    </tr>\n    <tr>\n      <th>9</th>\n      <td>10</td>\n      <td>3</td>\n      <td>50</td>\n      <td>98</td>\n      <td>45</td>\n    </tr>\n    <tr>\n      <th>11</th>\n      <td>12</td>\n      <td>3</td>\n      <td>45</td>\n      <td>85</td>\n      <td>32</td>\n    </tr>\n    <tr>\n      <th>8</th>\n      <td>9</td>\n      <td>3</td>\n      <td>20</td>\n      <td>98</td>\n      <td>15</td>\n    </tr>\n    <tr>\n      <th>14</th>\n      <td>15</td>\n      <td>4</td>\n      <td>75</td>\n      <td>56</td>\n      <td>78</td>\n    </tr>\n    <tr>\n      <th>15</th>\n      <td>16</td>\n      <td>4</td>\n      <td>58</td>\n      <td>98</td>\n      <td>65</td>\n    </tr>\n    <tr>\n      <th>13</th>\n      <td>14</td>\n      <td>4</td>\n      <td>48</td>\n      <td>87</td>\n      <td>12</td>\n    </tr>\n    <tr>\n      <th>12</th>\n      <td>13</td>\n      <td>4</td>\n      <td>46</td>\n      <td>98</td>\n      <td>65</td>\n    </tr>\n    <tr>\n      <th>18</th>\n      <td>19</td>\n      <td>5</td>\n      <td>89</td>\n      <td>68</td>\n      <td>87</td>\n    </tr>\n    <tr>\n      <th>17</th>\n      <td>18</td>\n      <td>5</td>\n      <td>80</td>\n      <td>78</td>\n      <td>90</td>\n    </tr>\n    <tr>\n      <th>19</th>\n      <td>20</td>\n      <td>5</td>\n      <td>78</td>\n      <td>83</td>\n      <td>58</td>\n    </tr>\n    <tr>\n      <th>16</th>\n      <td>17</td>\n      <td>5</td>\n      <td>65</td>\n      <td>68</td>\n      <td>98</td>\n    </tr>\n  </tbody>\n</table>\n</div>"
     },
     "execution_count": 5,
     "metadata": {},
     "output_type": "execute_result"
    }
   ],
   "source": [
    "# nclass 오름 math 내림\n",
    "\n",
    "exam.sort_values(['nclass', 'math'], ascending = [True, False])"
   ],
   "metadata": {
    "collapsed": false,
    "ExecuteTime": {
     "end_time": "2023-08-09T22:43:41.052647Z",
     "start_time": "2023-08-09T22:43:41.044496Z"
    }
   },
   "id": "81bbc371f1cb60ec"
  },
  {
   "cell_type": "code",
   "execution_count": null,
   "outputs": [],
   "source": [],
   "metadata": {
    "collapsed": false
   },
   "id": "25ae0d8acd915f80"
  }
 ],
 "metadata": {
  "kernelspec": {
   "display_name": "Python 3",
   "language": "python",
   "name": "python3"
  },
  "language_info": {
   "codemirror_mode": {
    "name": "ipython",
    "version": 2
   },
   "file_extension": ".py",
   "mimetype": "text/x-python",
   "name": "python",
   "nbconvert_exporter": "python",
   "pygments_lexer": "ipython2",
   "version": "2.7.6"
  }
 },
 "nbformat": 4,
 "nbformat_minor": 5
}
